1342
2314
4231
4312
3124
4231
2431
1432
4312
2413
1423
3214
2413
4132
1234
3214
1324
1234
3421
1432
2413
3241
2341
4213
3421
1342
2314
4312
1234
1432
3142
3421
4213
1432
3214
1234
1423
4231
3241
3412
2134
3214
1243
2143
2341
2143
3421
1342
2143
1423
3142
4312
1423
1423
1234
3412
4231
3421
2314
1342
1234
1423
3421
4123
3214
4312
2314
3142
4321
4231
3421
3421
3214
3124
3124
3421
2134
1243
2134
4231
3241
2134
1342
2143
2143
4231
4231
4123
2431
4213
3142
2341
3142
3142
4231
4123
3241
3214
1423
1243
4132
3421
1234
3412
3214
4132
1243
1342
2413
2143
3124
2341
3142
4123
1342
1342
2341
2314
2143
1432
3124
3241
2413
2431
1342
1243
4312
1234
